waypoints:
- latitude: 33.553454
  longitude: -117.663821
  yaw: 0.0
