waypoints:
- latitude: 33.553450
  longitude: -117.664022
  yaw: 0.0
